.Random.seed <-
c(403L, 10L, -1669227195L, -87987809L, 1439046438L, 176964528L, 
-106246061L, -1601991823L, 1420606112L, 1020546622L, -284416695L, 
699325435L, 2141921226L, 1208414508L, -1915982545L, -1907780635L, 
-384759140L, 1669664498L, -681345171L, -1083582297L, 1092893390L, 
-881711064L, -303025109L, -670845367L, 1900887896L, -1194001914L, 
1470931937L, 763838835L, -555355678L, 2142258516L, 1532656727L, 
-142442419L, -1926167580L, 1485758922L, 1436297269L, 222783119L, 
2140903318L, 1914633024L, 1102296579L, 2012335137L, -1514381552L, 
1587705070L, 1559764121L, 1526659371L, 1536241690L, -1882543396L, 
-1033946401L, -723172171L, 7483980L, 82050722L, 1753105917L, 
627584759L, 1879590942L, 1140763352L, -1334059461L, -1499575335L, 
-641771160L, 685437078L, 776850961L, 1072424899L, -1992975406L, 
-1756174748L, 688666023L, 1707633405L, 382070516L, 428771802L, 
1383091493L, 1810766911L, -1429910586L, 1587914832L, -1378171789L, 
-1001019247L, 606599360L, 235467422L, -613765527L, -1197769061L, 
-2022566998L, 308475852L, -901526897L, -182066491L, 1773030012L, 
-850573614L, -928353715L, -2016731385L, -1862548754L, -1225214008L, 
1199814859L, 739903785L, -753995400L, 1950971558L, -357924671L, 
-919025325L, 7681538L, 1683820340L, 2136628407L, 1484287149L, 
-892986940L, 452573674L, -53066155L, 2004719599L, 1180805110L, 
-2059673312L, -1208283421L, 1854453633L, -1330449936L, 1498771598L, 
-554043399L, 59870603L, -901023302L, 1372567740L, 1794431999L, 
1391446357L, -325381524L, -1776765246L, 1815265565L, -1818806377L, 
-170937602L, 1199835320L, -1760849253L, 1805459705L, -312884664L, 
1400589686L, -2027651919L, -1823805213L, 1792626610L, -1233137660L, 
1554645831L, 1582651933L, -627756908L, -1352433606L, 866886277L, 
1867735903L, -329622554L, -23341456L, 1307138451L, 172269105L, 
1117983968L, -716896898L, -345171959L, 201070651L, 1694295562L, 
865277420L, -453764497L, -643983963L, 1269548380L, -1361192654L, 
-316708819L, -669800729L, 1654213646L, 1271649768L, 365895659L, 
-1195876215L, -1162284008L, -1354677434L, -1199947359L, 51941427L, 
37510562L, -505239404L, 907894551L, -1158473459L, -1851264988L, 
-773648374L, -1757710987L, 1308718287L, 290191318L, -114673792L, 
-2091029565L, 1913404769L, 255353808L, 961319726L, -1968116007L, 
1603132651L, -2082726566L, -865374436L, 121227807L, 662116981L, 
-46606580L, -1475097886L, -1662799939L, 523327543L, 1990447838L, 
1358974488L, -1344482949L, 1877043481L, -2055195224L, 1466653014L, 
-699184687L, -1692186237L, -1859758062L, 459414436L, 704416615L, 
1728262333L, 2008098868L, 1571564442L, -2074941467L, 1716360063L, 
-2132782330L, 1025498256L, -1794601677L, -1524716847L, 1043517568L, 
-1271518882L, 2092252841L, -541472421L, 1507165034L, 1171270156L, 
-1272792497L, 1457002245L, 378494908L, -1936729454L, -1335115379L, 
-1113069113L, 113932974L, 219632392L, -1170353909L, -138571799L, 
-86968136L, 1348636518L, -718234623L, -574895469L, -767550142L, 
1278014196L, 119766775L, 801742573L, 509331844L, 1196722090L, 
-111510251L, 675477423L, 1722136502L, 712437396L, -721156478L, 
-99231552L, 256045884L, 1990466704L, -753344990L, -1045463032L, 
963198220L, 482630812L, 1712315922L, -779862144L, 1973235220L, 
194726440L, -1672313542L, 1184897488L, 849004L, 2143189300L, 
-947411310L, -374060192L, -236649652L, 2002606048L, -1298847838L, 
-1180481624L, -1359164020L, -1909167940L, 1761364338L, 1828926704L, 
1292697668L, -2123312808L, -1406699974L, 332979056L, 1922644028L, 
-910844140L, 1570682306L, -941278496L, 450766716L, -782209328L, 
116832418L, 617684008L, 1951196428L, -710547524L, 1876617522L, 
-263018048L, -385873356L, 536947656L, -658868038L, -1557898864L, 
1862005228L, -869285292L, 2060501138L, -795345120L, 1388833228L, 
1596315104L, -2090256702L, 1964205096L, 1967977132L, -1506556740L, 
1108769266L, 1936458032L, -969698140L, -526899528L, 1078463834L, 
-76536432L, 256807804L, -1733478124L, 703812418L, 1311963904L, 
1189640124L, 1047871312L, -1769635038L, -1280221880L, 1594685964L, 
1600018524L, -950907694L, 1669945856L, 723373396L, 674814440L, 
-1417208838L, -1194446640L, -706200276L, 242021108L, -416061038L, 
1919087712L, -1420524276L, -357068064L, 792791394L, 1160268456L, 
1027035724L, 359612796L, -1148156622L, -1334144912L, 702314308L, 
-93729320L, 632822906L, 979562032L, 2135165628L, 1804013396L, 
2129032258L, -545583712L, -1856349508L, 714447312L, 1934216546L, 
1270198248L, 503097292L, 885063420L, 2089673202L, 889047168L, 
1793725684L, -2133920120L, 2111670074L, 1377882960L, -1891174804L, 
-1354051436L, -1775361710L, 2128821984L, 1566569164L, 642797728L, 
1360018306L, 479081192L, 49795820L, 259812412L, -984751502L, 
-1577204624L, -235502044L, -1646582728L, 1139230746L, 655641296L, 
-1554045892L, -1370835820L, 1546841218L, 471435200L, -1401702084L, 
-168684912L, 1994652706L, -272882680L, -1110509428L, 1670646812L, 
55944850L, -1330572160L, 347791380L, 166929704L, -742085062L, 
-541481776L, -2102164372L, 2020299444L, -988452846L, -1636116512L, 
1920946124L, -145691168L, -1847480798L, 413428008L, -332648180L, 
1590605372L, 1673355506L, -1712817424L, -200826044L, -1698567592L, 
-1638772166L, 1503479536L, -997458756L, 1811090964L, 1601904834L, 
-1056591776L, -2031628932L, 318315728L, 1916918818L, -2111825240L, 
203091852L, 75520444L, 1752233010L, 1131484992L, -493651788L, 
-1816722616L, 1158994618L, 1061850896L, -2146297620L, 919008340L, 
1692190482L, -2111229024L, 807559116L, 600861536L, 1013739714L, 
1889556008L, 1437058476L, 832020284L, -902582414L, 1696252720L, 
509772324L, -1842196424L, 1893280986L, -1489411696L, 2143463164L, 
541147028L, 1572840258L, 608721408L, 1105297980L, 1831646800L, 
-90287454L, -1737643192L, -1920763380L, -1686278948L, -1323605422L, 
-987342720L, 1009531732L, 540627432L, 424004346L, -1406642352L, 
-188005332L, 1084470644L, -1059164526L, -1303938464L, 1661416076L, 
983608160L, -716213534L, 866220200L, 1496617164L, 1963250172L, 
-1234681934L, 1510364656L, 460000708L, -1780021416L, 1298209658L, 
-771629648L, 1831666108L, 359116884L, 2023216066L, -832982240L, 
1209234632L, 42201585L, -853967005L, -1224554652L, 753966738L, 
1750621031L, -1786133199L, -1190928778L, 2036711316L, -2127209563L, 
-2116571985L, -2013224600L, 351897926L, 741023987L, 68591189L, 
-510328270L, 1289089024L, 851940585L, -1897712805L, 42792364L, 
1374203322L, 475503471L, -2099749639L, 1253867918L, -1961667492L, 
-1432885555L, 2069606967L, -24725312L, -70973538L, 1667550315L, 
1744301037L, -1269862822L, -195415784L, -163119487L, -1906715597L, 
-1863818668L, -2139068830L, -428603145L, 1925376833L, -2051923514L, 
-1863292156L, -594714955L, -125679201L, 990889464L, 1435069398L, 
147330659L, -778779099L, -1733143102L, -1238349136L, -1916779815L, 
-2045676469L, -504214852L, 532543722L, 2068714783L, 1702968745L, 
-512066754L, -1690724820L, -1592023939L, 425336519L, 869599152L, 
-1764271666L, -1613188357L, -1417907875L, -658673014L, -1960468312L, 
-1659485167L, 1315910915L, -1015556092L, 1333188658L, 1439658119L, 
-1807311663L, -774404522L, 1037915700L, 122629445L, 1625857935L, 
-2080961784L, 1088015654L, 227915219L, -2101477579L, 215062162L, 
1333039712L, 1077609417L, 1043251963L, 1546955980L, -132176550L, 
-1939855281L, 1150149913L, -814395602L, 909246780L, 750225069L, 
-872955561L, -1631899488L, -333754882L, -152559413L, 773488333L, 
-1297528326L, 916148792L, -99643423L, -155170669L, 989850292L, 
888768450L, -1838316585L, 1223167009L, -740144154L, 1213634276L, 
-363347435L, 78613055L, -1847557672L, -44582922L, -111157245L, 
523029317L, 1907564386L, -771178288L, 2010704889L, 1956071211L, 
-949447524L, 1220790986L, -1385397313L, 936324873L, -730515426L, 
1576036812L, 1612227485L, -329785817L, 102413392L, -141427474L, 
-1725466213L, 1349234685L, 1869437674L, -1529066104L, -1684161743L, 
1723388835L, 229086116L, -1556693422L, -890405465L, -2006074895L, 
1092382006L, 728733140L, -934519963L, -715177105L, -537862744L, 
70247174L, 1556420147L, -63120235L, 721085682L, 1642317120L, 
